{
    "camera": [
        { "index": 0, "cam_mat": {
                "type_id": "opencv-matrix",
                "rows": 3,
                "cols": 3,
                "dt": "d",
                "data": [ 3.4245777480573443e+03, 0.0, 360.0, 0.0,
                    3.4245777480573443e+03, 640.0, 0.0, 0.0, 1.0 ]
            }, "dist_coeff": {
                "type_id": "opencv-matrix",
                "rows": 1,
                "cols": 5,
                "dt": "d",
                "data": [ -1.6123455410053573e+00,
                    1.9088808541298127e+02, 3.4830445365977808e-01,
                    -3.7662664249941330e-01, -2.1037931344657204e+03 ]
            }, "proj_mat": [
                {
                    "type_id": "opencv-matrix",
                    "rows": 0,
                    "cols": 0,
                    "dt": "u",
                    "data": []
                },
                {
                    "type_id": "opencv-matrix",
                    "rows": 3,
                    "cols": 4,
                    "dt": "d",
                    "data": [ -1.9629559461844299e+03, 0.0,
                        9.9449916362762451e+02, 0.0, 0.0,
                        -1.9629559461844299e+03, 6.4809782600402832e+02,
                        0.0, 0.0, 0.0, 1.0, 0.0 ]
                }
            ], "rot_mat": {
                "type_id": "opencv-matrix",
                "rows": 0,
                "cols": 0,
                "dt": "u",
                "data": []
            }, "trans_mat": {
                "type_id": "opencv-matrix",
                "rows": 0,
                "cols": 0,
                "dt": "u",
                "data": []
            }, "rect_mat": [
                {
                    "type_id": "opencv-matrix",
                    "rows": 0,
                    "cols": 0,
                    "dt": "u",
                    "data": []
                },
                {
                    "type_id": "opencv-matrix",
                    "rows": 3,
                    "cols": 3,
                    "dt": "d",
                    "data": [ 9.9859437580395172e-01,
                        -5.2627660548343058e-02, -6.2930086544016883e-03,
                        5.2139420842734215e-02, 9.9672378329491262e-01,
                        -6.1831873725937167e-02, 9.5264582558395317e-03,
                        6.1416847521542181e-02, 9.9806673996963524e-01 ]
                }
            ] },
        { "index": 1, "cam_mat": {
                "type_id": "opencv-matrix",
                "rows": 3,
                "cols": 3,
                "dt": "d",
                "data": [ 1.1420877938709014e+03, 0.0, 360.0, 0.0,
                    1.1420877938709014e+03, 640.0, 0.0, 0.0, 1.0 ]
            }, "dist_coeff": {
                "type_id": "opencv-matrix",
                "rows": 1,
                "cols": 5,
                "dt": "d",
                "data": [ 1.1531485851903993e-03, 6.5000509799952325e-02,
                    6.9193994049289109e-02, -6.8108511860996590e-02,
                    -2.6084298792317915e-02 ]
            }, "proj_mat": [
                {
                    "type_id": "opencv-matrix",
                    "rows": 3,
                    "cols": 4,
                    "dt": "d",
                    "data": [ -1.9629559461844299e+03, 0.0,
                        9.9449916362762451e+02, 8.4493161097140444e+04,
                        0.0, -1.9629559461844299e+03,
                        6.4809782600402832e+02, 0.0, 0.0, 0.0, 1.0, 0.0 ]
                },
                {
                    "type_id": "opencv-matrix",
                    "rows": 0,
                    "cols": 0,
                    "dt": "u",
                    "data": []
                }
            ], "rot_mat": {
                "type_id": "opencv-matrix",
                "rows": 3,
                "cols": 3,
                "dt": "d",
                "data": [ 7.2692275484737712e-01, 7.9524533127115854e-02,
                    6.8209908159739829e-01, 2.2501529663888242e-02,
                    9.8998046580380494e-01, -1.3939999458273505e-01,
                    -6.8635048601125448e-01, 1.1668130080606599e-01,
                    7.1784990380602487e-01 ]
            }, "trans_mat": {
                "type_id": "opencv-matrix",
                "rows": 3,
                "cols": 1,
                "dt": "d",
                "data": [ -3.0880654777967543e+01,
                    1.2376485434203073e+00, 2.9960399249457915e+01 ]
            }, "rect_mat": [
                {
                    "type_id": "opencv-matrix",
                    "rows": 3,
                    "cols": 3,
                    "dt": "d",
                    "data": [ 7.1742332907617457e-01,
                        -2.8753209562135919e-02, -6.9604383470952103e-01,
                        7.4989860676459574e-02, 9.9652965485121503e-01,
                        3.6127106137127579e-02, 6.9258955211076079e-01,
                        -7.8114658944361981e-02, 7.1708982168555546e-01 ]
                },
                {
                    "type_id": "opencv-matrix",
                    "rows": 0,
                    "cols": 0,
                    "dt": "u",
                    "data": []
                }
            ] }
    ]
}
