{
    "camera": [
        { "index": 0, "cam_mat": {
                "type_id": "opencv-matrix",
                "rows": 3,
                "cols": 3,
                "dt": "d",
                "data": [ 1.5603102385517407e+03, 0.0,
                    6.8807156612101414e+02, 0.0, 1.5603102385517407e+03,
                    3.3365853540543623e+02, 0.0, 0.0, 1.0 ]
            }, "dist_coeff": {
                "type_id": "opencv-matrix",
                "rows": 1,
                "cols": 5,
                "dt": "d",
                "data": [ -1.9822572057358496e+00,
                    9.5188051356943681e+00, -4.9448600085238541e-02,
                    1.5345671771038630e-01, -2.5417875882068440e+01 ]
            }, "proj_mat": [
                {
                    "type_id": "opencv-matrix",
                    "rows": 0,
                    "cols": 0,
                    "dt": "u",
                    "data": []
                },
                {
                    "type_id": "opencv-matrix",
                    "rows": 3,
                    "cols": 4,
                    "dt": "d",
                    "data": [ 9.2910361613526084e+02, 0.0,
                        6.6347087097167969e+02, 0.0, 0.0,
                        9.2910361613526084e+02, 3.1300867462158203e+02,
                        0.0, 0.0, 0.0, 1.0, 0.0 ]
                }
            ], "rot_mat": [
                {
                    "type_id": "opencv-matrix",
                    "rows": 0,
                    "cols": 0,
                    "dt": "u",
                    "data": []
                },
                {
                    "type_id": "opencv-matrix",
                    "rows": 3,
                    "cols": 3,
                    "dt": "d",
                    "data": [ 9.8918496017383517e-01,
                        -9.2854120299135479e-02, 1.1353953896930290e-01,
                        9.5472995166461433e-02, 9.9527217875565699e-01,
                        -1.7838088151829315e-02, -1.1134640434173439e-01,
                        2.8485128373263134e-02, 9.9337333148304607e-01 ]
                }
            ], "trans_mat": [
                {
                    "type_id": "opencv-matrix",
                    "rows": 0,
                    "cols": 0,
                    "dt": "u",
                    "data": []
                },
                {
                    "type_id": "opencv-matrix",
                    "rows": 3,
                    "cols": 1,
                    "dt": "d",
                    "data": [ -1.4584543736348351e+02,
                        1.5800417709055459e+00, 4.5670285003111760e-01 ]
                }
            ], "rect_mat": [
                {
                    "type_id": "opencv-matrix",
                    "rows": 0,
                    "cols": 0,
                    "dt": "u",
                    "data": []
                },
                {
                    "type_id": "opencv-matrix",
                    "rows": 3,
                    "cols": 3,
                    "dt": "d",
                    "data": [ 9.8843645913691469e-01,
                        -1.0371917740345921e-01, 1.1061509159074229e-01,
                        1.0496058076067613e-01, 9.9446148460402140e-01,
                        -5.4435397993683327e-03, -1.0943784873278592e-01,
                        1.6990817458718152e-02, 9.9384841368632493e-01 ]
                }
            ] },
        { "index": 1, "cam_mat": {
                "type_id": "opencv-matrix",
                "rows": 3,
                "cols": 3,
                "dt": "d",
                "data": [ 1.5603102385517407e+03, 0.0,
                    7.2403098655574206e+02, 0.0, 1.5603102385517407e+03,
                    3.4921982816769400e+02, 0.0, 0.0, 1.0 ]
            }, "dist_coeff": {
                "type_id": "opencv-matrix",
                "rows": 1,
                "cols": 5,
                "dt": "d",
                "data": [ -3.3158241629872232e-01,
                    1.4601066763489683e+00, -1.9983645862652746e-02,
                    -4.4798765525515954e-02, -3.7103242422615850e+00 ]
            }, "proj_mat": [
                {
                    "type_id": "opencv-matrix",
                    "rows": 3,
                    "cols": 4,
                    "dt": "d",
                    "data": [ 9.2910361613526084e+02, 0.0,
                        6.6347087097167969e+02, -1.3551413938333647e+05,
                        0.0, 9.2910361613526084e+02,
                        3.1300867462158203e+02, 0.0, 0.0, 0.0, 1.0, 0.0 ]
                },
                {
                    "type_id": "opencv-matrix",
                    "rows": 0,
                    "cols": 0,
                    "dt": "u",
                    "data": []
                }
            ], "rot_mat": [
                {
                    "type_id": "opencv-matrix",
                    "rows": 3,
                    "cols": 3,
                    "dt": "d",
                    "data": [ 9.8918496017383517e-01,
                        -9.2854120299135479e-02, 1.1353953896930290e-01,
                        9.5472995166461433e-02, 9.9527217875565699e-01,
                        -1.7838088151829315e-02, -1.1134640434173439e-01,
                        2.8485128373263134e-02, 9.9337333148304607e-01 ]
                },
                {
                    "type_id": "opencv-matrix",
                    "rows": 0,
                    "cols": 0,
                    "dt": "u",
                    "data": []
                }
            ], "trans_mat": [
                {
                    "type_id": "opencv-matrix",
                    "rows": 3,
                    "cols": 1,
                    "dt": "d",
                    "data": [ -1.4584543736348351e+02,
                        1.5800417709055459e+00, 4.5670285003111760e-01 ]
                },
                {
                    "type_id": "opencv-matrix",
                    "rows": 0,
                    "cols": 0,
                    "dt": "u",
                    "data": []
                }
            ], "rect_mat": [
                {
                    "type_id": "opencv-matrix",
                    "rows": 3,
                    "cols": 3,
                    "dt": "d",
                    "data": [ 9.9993641894392382e-01,
                        -1.0832984142270916e-02, -3.1312176824797866e-03,
                        1.0867524576112174e-02, 9.9987785183286182e-01,
                        1.1232912520330785e-02, 3.0091492467746866e-03,
                        -1.1266226905007485e-02, 9.9993200626449374e-01 ]
                },
                {
                    "type_id": "opencv-matrix",
                    "rows": 0,
                    "cols": 0,
                    "dt": "u",
                    "data": []
                }
            ] }
    ]
}
