%YAML:1.0
---
R: !!opencv-matrix
   rows: 3
   cols: 3
   dt: d
   data: [ 3.6011936407861644e-01, 1.4089420297936342e-01,
       9.2220543653918174e-01, -1.0821098820896879e-02,
       9.8909396960862217e-01, -1.4688779086148118e-01,
       -9.3284347424201941e-01, 4.2917861673990594e-02,
       3.5771652144318261e-01 ]
T: !!opencv-matrix
   rows: 3
   cols: 1
   dt: d
   data: [ -4.4489684070239394e+02, 5.7275073966387193e+00,
       4.0237554042438853e+02 ]
R1: !!opencv-matrix
   rows: 3
   cols: 3
   dt: d
   data: [ 8.9287755416537440e-01, 6.6260515058405911e-02,
       4.4539781927155114e-01, -3.5840476724644188e-02,
       9.9643380601855591e-01, -7.6388025576821783e-02,
       -4.4887095416813161e-01, 5.2241883269745382e-02,
       8.9206818805325705e-01 ]
R2: !!opencv-matrix
   rows: 3
   cols: 3
   dt: d
   data: [ 7.4162650981918188e-01, -9.5475421084730352e-03,
       -6.7074508151242207e-01, 5.7039444760885606e-02,
       9.9717497031279645e-01, 4.8873104291046118e-02,
       6.6838358872341308e-01, -7.4504516784960936e-02,
       7.4007597941282388e-01 ]
P1: !!opencv-matrix
   rows: 3
   cols: 4
   dt: d
   data: [ -1.0382872103281024e+03, 0., 3.3634623441696167e+03, 0., 0.,
       -1.0382872103281024e+03, 1.0273500289916992e+03, 0., 0., 0., 1.,
       0. ]
P2: !!opencv-matrix
   rows: 3
   cols: 4
   dt: d
   data: [ -1.0382872103281024e+03, 0., 3.3634623441696167e+03,
       6.2286163385569851e+05, 0., -1.0382872103281024e+03,
       1.0273500289916992e+03, 0., 0., 0., 1., 0. ]
Q: !!opencv-matrix
   rows: 4
   cols: 4
   dt: d
   data: [ 1., 0., 0., -3.3634623441696167e+03, 0., 1., 0.,
       -1.0273500289916992e+03, 0., 0., 0., -1.0382872103281024e+03, 0.,
       0., 1.6669628596335214e-03, 0. ]
