<?xml version="1.0"?>
<opencv_storage>
<img_mat type_id="opencv-matrix">
<rows>350</rows>
<cols>2</cols>
<dt>d</dt>
<data>
887.004 473.204
817.063 479.636
751.083 486.291
688.675 493.157
629.741 498.753
572.758 504.235
517.879 508.536
882.492 407.545
815.197 416.129
750.64 424.721
689.601 432.644
632.394 440.391
577.582 447.53
525.28 453.588
877.99 345.99
812.874 356.682
750.666 366.927
691.564 376.125
635.124 384.911
581.768 393.36
531.431 400.834
872.844 286.388
810.403 299.629
750.325 311.624
693.152 322.39
638.608 332.748
586.602 342.41
537.331 350.844
866.961 229.198
805.938 243.408
747.745 257.053
692.976 270.055
640.828 282.187
590.698 293.44
543.292 303.331
870.331 514.895
799.4 519.386
732.463 523.727
669.709 528.244
610.789 532.086
553.644 535.604
498.788 538.052
866.459 445.934
797.953 452.674
732.867 458.993
671.469 465.193
613.973 471.233
559.055 476.421
506.622 481.003
863.085 380.562
796.865 389.607
733.662 397.912
673.639 405.526
616.802 412.842
563.632 419.552
513.208 426.013
858.183 316.297
794.53 328.175
733.738 338.897
675.883 348.468
620.804 357.403
568.765 365.914
519.309 373.468
852.019 253.558
789.595 267.408
730.64 280.535
675.644 292.511
623.36 303.594
572.892 313.794
525.369 323.257
860.513 554.447
788.516 556.643
720.378 558.018
656.402 559.532
596.287 560.736
537.988 561.971
481.9 561.475
858.619 483.342
788.605 486.935
722.21 490.606
659.718 494.242
600.834 497.414
545.222 500.409
491.35 502.521
856.658 415.288
789.066 421.685
724.53 427.265
663.259 432.418
605.777 437.214
551.186 441.772
500.011 445.719
852.888 348.864
788.402 358.152
726.134 365.955
666.85 373.425
610.716 380.176
557.699 386.208
506.989 392.005
847.51 283.594
783.971 294.936
724.014 305.454
667.826 315.551
614.58 324.149
562.627 332.573
514.194 340.21
852.758 602.178
780.235 600.262
710.725 598.264
645.89 596.844
584.359 595.03
524.604 593.517
466.624 590.847
852.829 528.659
782.054 528.854
714.523 529.259
650.768 529.757
590.836 530.382
533.691 530.203
478.336 530.104
852.905 459.167
784.214 462.244
718.081 464.832
656.078 466.605
597.178 469.003
541.348 470.56
488.423 472.048
851.214 391.808
785.124 397.602
721.545 402.427
660.921 406.525
603.621 410.37
549.354 413.74
497.557 416.781
847.586 324.54
782.81 333.367
721.407 340.568
663.525 347.282
608.917 353.428
555.891 358.384
506.1 363.466
832.292 640.675
757.668 630.724
686.969 622.518
619.523 614.92
555.236 607.858
493.158 600.444
432.54 592.279
838.765 570.239
766.964 562.69
698.152 556.56
632.591 550.494
570.322 545.32
510.294 539.458
451.88 533.264
845.009 504.809
775.302 499.593
708.666 495.442
644.934 490.97
584.322 486.761
525.747 482.631
469.631 477.933
849.985 440.99
782.898 439.418
718.249 437.239
656.459 434.575
597.16 431.893
540.515 428.909
486.109 425.978
853.721 378.017
787.872 378.372
725.102 378.585
665.511 378.604
608.537 378.466
553.615 377.395
501.269 376.458
490.154 111.715
534.774 116.866
578.627 122.173
621.279 126.732
663.055 130.941
704.136 135.513
744.32 139.56
488.161 152.499
533.539 157.918
577.708 163.253
620.379 168.166
661.694 173.177
702.103 177.709
741.85 181.48
486.133 194.558
532.122 199.478
577.04 204.475
620.179 209.021
661.624 213.725
701.672 218.406
740.568 222.324
484.331 237.797
530.736 242.614
576.139 246.929
619.69 250.751
661.744 254.749
701.822 258.783
740.436 262.491
482.473 281.689
529.587 286.605
575.353 290.625
619.154 293.857
661.493 296.78
701.479 300.293
739.892 303.141
483.406 143.593
529.385 151.749
574.006 159.927
617.047 167.159
659.269 174.181
699.768 181.151
739.468 187.645
479.434 185.866
526.229 194.315
571.326 202.187
614.351 209.51
655.616 216.774
695.848 223.422
735.031 229.274
475.508 229.477
523.022 237.177
568.632 244.541
612.428 251.37
654.155 257.796
693.677 264.597
731.869 270.242
471.76 274.278
519.716 281.635
566.169 288.256
610.337 294.049
652.484 299.804
692.248 305.486
730.178 310.662
468.303 319.724
516.76 326.849
563.436 332.779
607.79 337.885
650.456 342.568
690.245 347.318
728.015 351.473
481.529 150.862
527.728 159.93
572.441 168.831
615.477 176.824
657.485 184.509
698.164 192.201
737.654 199.094
476.96 193.58
523.708 202.605
569.108 211.201
612.225 219.163
653.48 227.073
693.621 234.23
732.562 240.631
472.526 237.568
520.203 245.882
565.939 253.931
609.724 261.168
651.534 268.184
690.949 275.237
728.863 281.439
468.119 282.55
516.324 290.55
562.902 297.632
607.037 304.055
649.135 310.141
689.016 316.146
726.621 321.618
464.106 328.426
512.744 335.844
559.572 342.269
604.221 347.844
646.798 352.957
686.552 357.908
724.028 362.439
480.839 149.248
527.254 158.719
571.754 168.096
614.832 176.597
656.549 184.646
696.773 192.677
735.838 200.077
476.316 191.509
523.294 200.957
568.635 210.087
611.707 218.382
652.815 226.602
692.728 234.297
731.274 240.99
471.804 235.097
519.677 244.002
565.523 252.349
609.422 259.902
651.321 267.359
690.456 274.69
728.068 281.362
467.321 279.896
515.883 288.46
562.535 295.87
606.962 302.538
649.091 309.015
688.989 315.385
726.399 321.273
463.135 325.751
512.394 333.717
559.431 340.525
604.299 346.437
647.067 351.738
687.144 357.064
724.303 361.98
480.317 145.327
525.956 158.293
569.593 170.712
611.047 181.925
650.861 192.628
689.092 202.886
725.401 212.401
474.823 185.294
521.525 198.376
565.648 210.552
607.495 221.717
647.056 232.586
684.856 242.352
721.173 251.176
469.583 227.003
517.297 239.525
562.65 250.89
605.331 261.354
645.574 271.352
683.439 280.545
718.553 289.554
464.077 270.556
512.97 282.504
559.47 292.894
603.344 302.161
644.414 311.112
682.798 319.387
718.047 327.502
458.756 316.189
508.866 327.301
556.242 336.649
600.786 344.971
642.977 352.549
682.023 359.726
717.214 366.863
</data>
</img_mat>
</opencv_storage>