<?xml version="1.0"?>
<opencv_storage>
<img_mat type_id="opencv-matrix">
<rows>25</rows>
<cols>2</cols>
<dt>d</dt>
<data>
	887.004 473.204 
	817.063 479.636 
	751.083 486.291
	688.675 493.157
	629.741 498.753
	572.758 504.235
	517.879 508.536
	882.492 407.545
	815.197 416.129
	750.64 424.721
	689.601 432.644
	632.394 440.391
	577.582 447.53
	525.28 453.588
	877.99 345.99
	812.874 356.682
	750.666 366.927
	691.564 376.125
	635.124 384.911
	581.768 393.36
	531.431 400.834
	872.844 286.388
	810.403 299.629
	750.325 311.624
	693.152 322.39
</data>
</img_mat>
</opencv_storage>