%YAML:1.0
---
M1: !!opencv-matrix
   rows: 3
   cols: 3
   dt: d
   data: [ 9.6010577207731160e+02, 0., 640., 0., 9.6010577207731160e+02,
       360., 0., 0., 1. ]
D1: !!opencv-matrix
   rows: 14
   cols: 1
   dt: d
   data: [ -1.8442511093786582e-01, 7.4191219446573720e-01,
       3.2589297030366010e-03, -3.1591138125858119e-03,
       -1.0614383789381658e+00, 0., 0., 0., 0., 0., 0., 0., 0., 0. ]
M2: !!opencv-matrix
   rows: 3
   cols: 3
   dt: d
   data: [ 9.7305478052717183e+02, 0., 640., 0., 9.7305478052717183e+02,
       360., 0., 0., 1. ]
D2: !!opencv-matrix
   rows: 14
   cols: 1
   dt: d
   data: [ -1.6372459535293252e-01, 4.0967093389846587e-01,
       2.3020150975838361e-03, 8.5840251270432894e-03,
       -3.7563709563550085e-01, 0., 0., 0., 0., 0., 0., 0., 0., 0. ]
